 -31.7   222.7   20.3    0
-294.5  -266.0   32.7    3
   0.0     0.0   40.0    0
 109.1    17.0   19.1    9
 203.0   -96.7   21.0    7
 208.6   -82.5   18.2    2
-152.5  -215.0   18.2    2
-137.8  -125.1    8.2    7
-234.8    55.2   16.0   10
  86.3  -267.7   28.1    1
  16.2   156.7    5.1    7
   6.8   176.6   39.4    4
  19.2   140.6   34.1    2
-296.3   252.2   15.1    0
-213.4   -46.2   25.8    4
-226.6  -174.5   35.5    8
-298.5  -168.4    1.0    4
-203.7   115.7    4.0    2
  85.0   -61.8   20.6    0
-262.1  -127.4   25.9    1
-103.1   244.2    5.4    6
-212.4   -92.5   32.5    0
-200.8    62.7   11.0    5
 178.5   138.3   29.2    7
  18.2  -196.4   29.3    0
-182.7   234.0   24.9    9
-163.8    90.0   39.6    8
  56.4  -216.2   24.0    3
 292.5  -106.8   33.3    2
 132.6  -238.7   13.9    0
-211.6  -159.6   13.0    1
 -41.0   283.1    6.3    6
-182.1  -117.6   16.9    9
 163.5   120.8   30.9    2
  10.1  -189.2   37.5    7
-252.9   222.0   12.2    0
-121.5   -35.3   17.8    0
 266.1   -25.4   22.3    0
 131.3    79.7   26.1    8
 203.4   165.7   13.8    2
  19.8  -118.4    1.6    1
-125.0  -259.4   38.8    7
   0.0     0.0   40.0    0
 115.6   144.8   24.5    5
-197.6   134.3   32.9    1
-255.4   -48.3   38.0    3
 170.1  -284.6   31.5    5
  69.1   275.9   30.4    0
  55.1   222.5   12.7    7
  36.2    31.6   36.8    0
-171.8    93.9   25.3   10
   2.5    57.3   36.7    6
 -83.2   199.0    5.2    0
  25.4  -102.2   21.3    9
 -90.1    16.3    5.3    3
  12.1    64.5    7.5    4
 264.7   126.0   37.2    9
-152.0   236.7   24.2    3
 249.2   264.2   25.0    0
-234.6    82.8   34.9    9
 191.9  -270.0   35.7    0
 -51.4  -108.2   30.7    9
  53.5   135.8   24.6    8
-212.8   231.5    4.6    0
 -38.9    79.2   32.1    6
-223.0  -106.5   11.0    2
 247.2  -134.1   32.1    0
-207.7   106.0   35.9    0
 212.9  -275.2   27.4   10
 -41.5  -256.4   17.5    2
-224.3    -3.3   37.3    8
  66.8   131.3   24.1    1
 -71.7  -202.5   22.4    9
-210.0  -126.8   36.4    6
 -61.0  -174.3    1.1    4
 211.2   104.0   27.6    5
 114.6   -88.5   37.2    0
   0.3    -0.2   40.0    0
 192.0   -91.2   35.2    0
 229.9  -223.2   28.4    8
  16.0  -283.6   20.3    1
-166.6  -196.9   10.4    0
 146.8   168.0   11.6    9
 267.3  -199.1   24.0    7
 147.9    51.9   14.2    7
